      0/74     1.83G    0.0943   0.08196   0.05765    0.2339       121       416  0.007035   0.06552  0.001491 0.0002305   0.08837   0.05117   0.05369
      1/74     1.81G   0.08268   0.08531   0.05225    0.2202        76       416    0.2954      0.18   0.07501   0.01989   0.07542   0.05114   0.04315
      2/74     1.81G   0.07053   0.07993   0.04082    0.1913       128       416     0.441    0.3727    0.3486    0.1262   0.06279   0.04423   0.02926
      3/74     1.81G   0.06205   0.07401    0.0297    0.1658       131       416    0.6641    0.5341    0.5657    0.2489   0.05344   0.03971   0.01883
      4/74     1.81G   0.05657   0.07012   0.02389    0.1506       102       416    0.7726    0.5715    0.6365     0.299   0.05009    0.0361   0.01567
      5/74     1.81G   0.05345   0.06761   0.02126    0.1423       113       416    0.8171    0.5998    0.6746    0.3507   0.04678   0.03525   0.01391
      6/74     1.81G   0.05107   0.06593   0.01967    0.1367       125       416    0.8035    0.6362    0.7014    0.3809   0.04449   0.03461   0.01258
      7/74     1.81G   0.04972   0.06453   0.01837    0.1326       115       416    0.7907    0.6608    0.7151    0.3942   0.04309    0.0338   0.01167
      8/74     1.81G   0.04852   0.06366   0.01757    0.1297       154       416    0.8429    0.6463    0.7282    0.4106   0.04236   0.03308   0.01131
      9/74     1.81G   0.04725   0.06305   0.01689    0.1272       102       416    0.8433    0.6673    0.7415    0.4302   0.04106   0.03273   0.01059
     10/74     1.81G   0.04659    0.0625   0.01637    0.1255       156       416     0.866    0.6644     0.748     0.438    0.0404   0.03223   0.01035
     11/74     1.81G   0.04583    0.0618   0.01595    0.1236        94       416    0.8531     0.676    0.7547    0.4516   0.03961   0.03186   0.01031
     12/74     1.81G    0.0449   0.06056   0.01542    0.1209       112       416    0.8685    0.6739    0.7598    0.4598   0.03897   0.03159  0.009972
     13/74     1.81G    0.0444   0.06025   0.01499    0.1196       119       416    0.8435    0.6929    0.7644    0.4629    0.0387   0.03124   0.00959
     14/74     1.81G   0.04383   0.05963   0.01477    0.1182       123       416    0.8548    0.6919    0.7719    0.4709   0.03806   0.03095  0.009431
     15/74     1.81G   0.04336   0.05895   0.01452    0.1168       132       416    0.8582    0.6929    0.7784    0.4814   0.03752   0.03079  0.009128
     16/74     1.81G   0.04295   0.05879   0.01421    0.1159       136       416    0.8335    0.7199    0.7748    0.4788   0.03773    0.0309  0.009021
     17/74     1.81G   0.04246   0.05914   0.01396    0.1156       127       416    0.8559    0.7126    0.7831    0.4882   0.03709   0.03035  0.008847
     18/74     1.81G   0.04206   0.05834   0.01373    0.1141       151       416    0.8505    0.7174    0.7813    0.4855   0.03683   0.03022  0.008811
     19/74     1.81G   0.04164   0.05818   0.01357    0.1134       142       416    0.8441    0.7269    0.7863     0.498   0.03635   0.03006  0.008794
     20/74     1.81G   0.04138   0.05774   0.01333    0.1124       115       416    0.8692    0.7164    0.7902    0.5032   0.03593   0.03001  0.008584
     21/74     1.81G   0.04096   0.05719   0.01312    0.1113       127       416    0.8383    0.7289    0.7898    0.5045   0.03582   0.02984  0.008367
     22/74     1.81G   0.04059   0.05708   0.01293    0.1106       168       416    0.8436    0.7339    0.7929    0.5089   0.03545   0.02932  0.008357
     23/74     1.81G   0.04026   0.05638   0.01273    0.1094       116       416    0.8615    0.7245     0.795    0.5163   0.03513   0.02945  0.008179
     24/74     1.81G   0.04023   0.05602   0.01272     0.109       126       416    0.8657    0.7312     0.798     0.515   0.03519   0.02934  0.008229
     25/74     1.81G   0.03985   0.05635   0.01256    0.1088       154       416    0.8622     0.725    0.8018    0.5217   0.03472    0.0291  0.008145
     26/74     1.81G   0.03947   0.05572   0.01249    0.1077       147       416    0.8521    0.7332    0.7949    0.5208   0.03464   0.02911  0.008005
     27/74     1.81G   0.03925   0.05523   0.01208    0.1066       117       416    0.8393    0.7463    0.8009    0.5235   0.03449   0.02892  0.007763
     28/74     1.81G   0.03897   0.05518   0.01207    0.1062       148       416    0.8718    0.7284    0.8016     0.532   0.03417   0.02883  0.007902
     29/74     1.81G   0.03879   0.05477   0.01199    0.1055       143       416    0.8726    0.7351    0.8044    0.5299   0.03428   0.02872  0.007916
     30/74     1.81G   0.03856    0.0544   0.01188    0.1048       122       416    0.8818    0.7332     0.807    0.5353   0.03388   0.02857  0.007768
     31/74     1.81G   0.03837   0.05444   0.01174    0.1046       127       416    0.8621    0.7452    0.8066    0.5343   0.03375    0.0284   0.00768
     32/74     1.81G    0.0381   0.05418   0.01155    0.1038       119       416    0.8805    0.7315    0.8089      0.54   0.03348   0.02844  0.007593
     33/74     1.81G   0.03803   0.05443   0.01147    0.1039       106       416    0.8592    0.7475    0.8095    0.5418   0.03341   0.02831   0.00765
     34/74     1.81G   0.03761   0.05381    0.0113    0.1027       146       416    0.8859    0.7307    0.8092    0.5439    0.0333   0.02824  0.007621
     35/74     1.81G    0.0375    0.0533   0.01134    0.1021       114       416    0.8668    0.7475    0.8102    0.5446   0.03318   0.02823  0.007579
     36/74     1.81G   0.03731   0.05339   0.01122    0.1019        79       416    0.8606    0.7531    0.8135    0.5444   0.03304   0.02814   0.00747
     37/74     1.81G   0.03703   0.05307   0.01106    0.1012       120       416    0.8643    0.7523    0.8149    0.5498   0.03291   0.02807  0.007347
     38/74     1.81G    0.0369   0.05334     0.011    0.1012        96       416     0.846    0.7591    0.8148    0.5506   0.03276   0.02802  0.007445
     39/74     1.81G   0.03664   0.05239   0.01088   0.09991       125       416    0.8754    0.7415    0.8168     0.551   0.03273   0.02799  0.007451
     40/74     1.81G   0.03654   0.05249   0.01072   0.09976        95       416    0.8844    0.7413    0.8148    0.5521   0.03274   0.02805  0.007398
     41/74     1.81G   0.03636   0.05295   0.01062   0.09992       107       416    0.8656    0.7475    0.8161    0.5528   0.03253   0.02796  0.007379
     42/74     1.81G   0.03615   0.05216   0.01055   0.09886       132       416    0.8667    0.7598    0.8172    0.5531   0.03242   0.02786  0.007245
     43/74     1.81G   0.03612   0.05204   0.01054    0.0987       122       416    0.8698    0.7523    0.8178    0.5563   0.03232   0.02778  0.007207
     44/74     1.81G   0.03584    0.0518   0.01044   0.09808       215       416    0.8483    0.7716    0.8201    0.5574   0.03216   0.02769  0.007269
     45/74     1.81G   0.03558   0.05172   0.01026   0.09755       150       416    0.8697    0.7558     0.816    0.5583   0.03218    0.0277  0.007157
     46/74     1.81G   0.03536   0.05119   0.01029   0.09683       180       416    0.8622    0.7623    0.8186    0.5592   0.03216   0.02774  0.007065
     47/74     1.81G   0.03526    0.0509   0.01016   0.09632       141       416    0.8702    0.7547    0.8171    0.5596   0.03207   0.02768  0.007088
     48/74     1.81G   0.03512   0.05074   0.01012   0.09597       159       416    0.8736    0.7516    0.8215    0.5613   0.03202   0.02763  0.007142
     49/74     1.81G   0.03506   0.05054   0.01007   0.09567       103       416    0.8541    0.7683    0.8183    0.5633   0.03191    0.0276  0.007138
     50/74     1.81G   0.03472   0.05065  0.009787   0.09515       106       416    0.8619    0.7559    0.8198    0.5626   0.03183   0.02758  0.007135
     51/74     1.81G    0.0348   0.05053  0.009827   0.09516        99       416     0.864    0.7594    0.8197    0.5629   0.03181   0.02758  0.007137
     52/74     1.81G   0.03448   0.04996  0.009888   0.09433       111       416    0.8571    0.7692    0.8197    0.5637   0.03176   0.02764  0.007095
     53/74     1.81G   0.03437    0.0504  0.009665   0.09444       171       416    0.8669    0.7565    0.8195    0.5635   0.03169   0.02765  0.007055
     54/74     1.81G   0.03417   0.05016  0.009665   0.09399       137       416    0.8795    0.7477      0.82    0.5634   0.03172   0.02776  0.007033
     55/74     1.81G   0.03413   0.04973  0.009668   0.09353       168       416    0.8729    0.7535    0.8204    0.5656   0.03164   0.02766  0.006923
     56/74     1.81G     0.034   0.04953   0.00967    0.0932       122       416    0.8657    0.7594    0.8194    0.5649   0.03156   0.02763  0.006971
     57/74     1.81G   0.03388   0.04946  0.009456   0.09279       173       416    0.8655    0.7558    0.8188    0.5654   0.03155   0.02767  0.007018
     58/74     1.81G   0.03378   0.04914  0.009354   0.09227       119       416    0.8684    0.7561    0.8165    0.5657   0.03145   0.02767  0.007127
     59/74     1.81G   0.03365   0.04897  0.009386   0.09201       105       416    0.8675    0.7611    0.8213    0.5675   0.03141   0.02767  0.007112
     60/74     1.81G   0.03343   0.04896  0.009251   0.09164       119       416    0.8536    0.7749    0.8223    0.5686   0.03141   0.02762  0.007116
     61/74     1.81G   0.03336   0.04853  0.009125   0.09102       150       416    0.8963    0.7427    0.8235      0.57   0.03136   0.02764  0.007075
     62/74     1.81G   0.03334   0.04851  0.009116   0.09097        85       416    0.8861     0.749    0.8227    0.5693   0.03131   0.02766  0.007042
     63/74     1.81G   0.03312   0.04809  0.009053   0.09026       142       416    0.8862    0.7474    0.8221    0.5704   0.03129   0.02764  0.007008
     64/74     1.81G   0.03311   0.04775  0.009023   0.08988       123       416    0.8719    0.7599    0.8226    0.5678   0.03129   0.02763  0.006979
     65/74     1.81G   0.03306   0.04798   0.00903   0.09006       129       416    0.8424     0.772      0.82    0.5689   0.03129   0.02762  0.006954
     66/74     1.81G   0.03285   0.04764  0.008915    0.0894       156       416    0.8464    0.7709    0.8198    0.5698   0.03125   0.02763  0.006893
     67/74     1.81G   0.03271   0.04802  0.008846   0.08957       112       416    0.8547    0.7665    0.8208      0.57   0.03123   0.02765  0.006876
     68/74     1.81G   0.03267   0.04739  0.008883   0.08894       155       416    0.8721    0.7572    0.8205    0.5712   0.03122   0.02767  0.006896
     69/74     1.81G   0.03267   0.04762  0.008656   0.08895       112       416    0.8746     0.757    0.8214    0.5712   0.03119   0.02769  0.006911
     70/74     1.81G   0.03264   0.04782   0.00873   0.08919       155       416    0.8682    0.7616    0.8215    0.5711   0.03117   0.02771   0.00692
     71/74     1.81G   0.03249   0.04735  0.008655    0.0885       179       416    0.8765    0.7564    0.8219    0.5715   0.03114   0.02772  0.006925
     72/74     1.81G    0.0324   0.04741  0.008618   0.08843       117       416    0.8605    0.7661    0.8211    0.5714   0.03115   0.02776  0.006941
     73/74     1.81G   0.03243   0.04745  0.008712   0.08859        83       416    0.8624    0.7621    0.8216    0.5707   0.03114   0.02776  0.006951
     74/74     1.81G   0.03237   0.04673  0.008741   0.08784       105       416    0.8559    0.7668    0.8217     0.571   0.03112   0.02778  0.006937
